1 0
12 0
23 0
34 0
45 0
56 0
67 0
78 0
89 0
100 0
102 0
113 0
121 0
135 0
144 0
158 0
170 0
179 0
186 0
197 0
208 0
214 0
226 0
240 0
241 0
255 0
269 0
277 0
283 0
292 0
304 0
316 0
327 0
339 0
350 0
351 0
365 0
372 0
388 0
393 0
405 0
420 0
428 0
433 0
447 0
459 0
462 0
476 0
481 0
494 0
506 0
519 0
525 0
537 0
548 0
552 0
564 0
573 0
590 0
591 0
609 0
615 0
630 0
632 0
643 0
654 0
668 0
671 0
687 0
696 0
707 0
718 0
724 0
731 0
742 0
753 0
766 0
780 0
785 0
799 0
810 0
811 0
822 0
836 0
849 0
857 0
863 0
875 0
884 0
898 0
903 0
917 0
929 0
938 0
946 0
960 0
961 0
974 0
982 0
995 0
1001 0
1012 0
1023 0
1034 0
1045 0
1056 0
1067 0
1078 0
1089 0
1100 0
1108 0
1116 0
1122 0
1140 0
1143 0
1159 0
1161 0
1175 0
1187 0
1194 0
1202 0
1211 0
1224 0
1235 0
1247 0
1258 0
1266 0
1273 0
1290 0
1299 0
1310 0
1319 0
1325 0
1338 0
1346 0
1353 0
1362 0
1371 0
1384 0
1397 0
1407 0
1418 0
1430 0
1431 0
1449 0
1454 0
1463 0
1472 0
1486 0
1495 0
1505 0
1517 0
1526 0
1532 0
1541 0
1560 0
1569 0
1574 0
1583 0
1598 0
1603 0
1614 0
1629 0
1636 0
1642 0
1657 0
1665 0
1680 0
1688 0
1691 0
1706 0
1713 0
1728 0
1739 0
1744 0
1755 0
1770 0
1777 0
1781 0
1792 0
1804 0
1815 0
1827 0
1833 0
1850 0
1851 0
1868 0
1879 0
1882 0
1896 0
1909 0
1920 0
1921 0
1937 0
1948 0
1952 0
1964 0
1976 0
1985 0
1993 0
2001 0
2012 0
2023 0
2034 0
2045 0
2056 0
2067 0
2078 0
2089 0
2100 0
2102 0
2113 0
2121 0
2135 0
2144 0
2159 0
2168 0
2180 0
2186 0
2197 0
2206 0
2217 0
2230 0
2231 0
2248 0
2254 0
2265 0
2279 0
2282 0
2293 0
2310 0
2319 0
2328 0
2336 0
2347 0
2355 0
2361 0
2372 0
2383 0
2394 0
2404 0
2418 0
2426 0
2440 0
2449 0
2452 0
2463 0
2477 0
2485 0
2491 0
2508 0
2516 0
2522 0
2539 0
2543 0
2557 0
2570 0
2574 0
2581 0
2595 0
2603 0
2615 0
2629 0
2638 0
2642 0
2660 0
2664 0
2671 0
2687 0
2696 0
2709 0
2720 0
2727 0
2732 0
2741 0
2753 0
2766 0
2775 0
2784 0
2798 0
2807 0
2814 0
2825 0
2833 0
2850 0
2851 0
2862 0
2876 0
2888 0
2899 0
2905 0
2911 0
2924 0
2937 0
2946 0
2958 0
2969 0
2973 0
2990 0
2992 0
